5 76 10 76 51 20 57 5 15 38 2 31 86 1 55
71 66 49 20 93 28 99 43 8 99 42 10 62 31 58
48 43 89 22 24 57 87 95 8 27 86 14 59 87 39
93 18 40 17 21 23 60 69 45 56 39 72 10 77 85
11 62 98 87 33 93 59 62 19 21 5 69 57 54 68
78 36 61 51 36 74 38 89 5 3 15 4 60 48 30
29 8 63 79 3 93 85 14 85 65 15 30 23 69 24
17 87 26 93 24 40 67 11 82 40 84 64 34 54 36
56 76 37 36 22 98 31 88 94 62 66 68 71 29 46
33 92 93 45 76 93 69 45 70 35 85 98 1 3 16
69 22 46 73 58 83 21 3 80 75 8 6 8 98 99
59 58 6 73 9 34 44 8 66 60 97 72 46 69 37
71 81 77 7 62 18 56 87 14 56 75 72 21 72 48
39 40 85 16 90 5 62 70 16 18 97 78 92 40 68
48 60 3 67 16 85 91 74 89 18 42 21 13 78 39
